gcv_kwh_m3 <- 11.3505
ncv_kwh_m3 <- gcv_kwh_m3 / 1.108
